番号 地点名 1953 rm 1954 rm 1955 rm 1956 rm 1957 rm 1958 rm 1959 rm 1960 rm 1961 rm 1962 rm 1963 rm 1964 rm 1965 rm 1966 rm 1967 rm 1968 rm 1969 rm 1970 rm 1971 rm 1972 rm 1973 rm 1974 rm 1975 rm
662 東京　　 405 8 401 8 405 8 408 8 410 8 406 8 405 8 401 8 408 8 409 8 406 8 405 8 412 8 405 8 405 8 403 8 410 8 415 8 405 8 401 8 408 8 409 8 406 8
663 尾鷲　　 405 8 404 8 331 8 406 8 410 8 408 8 329 8 402 8 404 8 409 8 406 8 407 8 417 8 329 8 403 8 404 8 408 8 410 8 402 8 403 8 403 8 402 8 406 8
670 横浜　　 331 8 401 8 404 8 409 8 410 8 405 8 403 8 403 8 407 8 409 8 407 8 406 8 410 8 405 8 404 8 401 8 411 8 413 8 405 8 331 8 406 8 406 8 407 8
672 館山　　 - - - - - - - - - - - - - - - - - - - - - - - - - - - - - - - -409 8 411 8 404 8 403 8 409 8 408 8 407 8
675 大島　　 - -402 8 - - - - - - - - - - - - - - - - - -407 8 412 8 331 8 403 8 331 8 409 8 408 8 403 8 405 8 408 8 409 8 407 8
677 三宅島　 - - - - - - - - - - - - - - - - - - - - - - - -409 8 326 8 331 8 402 8 404 8 - -402 8 406 8 407 8 331 8 - -
678 八丈島　 404 8 411 8 404 8 405 8 412 8 416 8 420 8 415 8 410 8 416 8 408 8 412 8 416 8 410 8 404 8 405 8 430 8 410 8 406 8 419 8 411 8 404 8 413 8
740 西郷　　 418 8 405 8 409 8 414 8 417 8 410 8 403 8 407 8 410 8 414 8 414 8 413 8 417 8 408 8 408 8 412 8 415 8 417 8 413 8 411 8 411 8 414 8 412 8
741 松江　　 409 8 403 8 407 8 409 8 415 8 408 8 - - - - - - - - - -407 8 418 8 - -405 8 410 8 414 8 416 8 412 8 410 8 407 8 411 8 411 8
744 米子　　 - -415 8 406 8 411 8 415 8 408 8 330 8 403 8 405 8 410 8 411 8 405 8 417 8 406 8 406 8 408 8 413 8 415 8 410 8 407 8 406 8 409 8 409 8
746 鳥取　　 408 8 403 8 404 8 408 8 415 8 407 8 402 8 404 8 409 8 410 8 412 8 408 8 417 8 405 8 406 8 409 8 414 8 415 8 410 8 407 8 408 8 409 8 409 8
747 豊岡　　 410 8 405 8 405 8 411 8 411 8 408 8 331 8 402 8 409 8 412 8 413 8 407 8 417 8 406 8 408 8 410 8 414 8 418 8 411 8 405 8 408 8 410 8 410 8
750 舞鶴　　 410 8 404 8 407 8 411 8 416 8 409 8 403 8 405 8 409 8 410 8 411 8 407 8 417 8 406 8 409 8 413 8 413 8 418 8 411 8 406 8 409 8 411 8 411 8
755 浜田　　 402 8 402 8 402 8 411 8 413 8 405 8 403 8 404 8 404 8 409 8 410 8 405 8 411 8 403 8 405 8 408 8 412 8 413 8 408 8 411 8 406 8 409 8 408 8
759 京都　　 411 8 405 8 407 8 410 8 412 8 408 8 402 8 405 8 406 8 407 8 409 8 406 8 417 8 406 8 406 8 405 8 413 8 415 8 407 8 407 8 408 8 409 8 410 8
761 彦根　　 412 8 407 8 408 8 412 8 416 8 410 8 405 8 410 8 412 8 413 8 412 8 413 8 424 8 413 8 412 8 413 8 414 8 418 8 410 8 408 8 408 8 412 8 411 8
762 下関　　 410 8 406 8 405 8 409 8 411 8 408 8 405 8 406 8 406 8 410 8 411 8 407 8 411 8 406 8 406 8 407 8 412 8 413 8 408 8 411 8 402 8 405 8 405 8
765 広島　　 411 8 406 8 406 8 411 8 411 8 407 8 403 8 408 8 406 8 412 8 408 8 406 8 417 8 407 8 408 8 407 8 413 8 414 8 407 8 407 8 403 8 407 8 408 8
768 岡山　　 409 8 403 8 403 8 409 8 410 8 407 8 402 8 406 8 407 8 411 8 411 8 406 8 415 8 403 8 407 8 409 8 412 8 414 8 408 8 407 8 406 8 411 8 410 8
770 神戸　　 409 8 404 8 407 8 407 8 411 8 407 8 331 8 407 8 405 8 410 8 414 8 409 8 414 8 403 8 403 8 404 8 412 8 413 8 403 8 405 8 404 8 407 8 407 8
772 大阪　　 - - - - - - - -410 8 - -403 8 409 8 - -409 8 - - - -415 8 405 8 403 8 404 8 410 8 414 8 407 8 405 8 405 8 408 8 409 8
776 洲本　　 415 8 402 8 407 8 410 8 412 8 405 8 403 8 - -407 8 408 8 410 8 406 8 414 8 331 8 403 8 406 8 411 8 412 8 404 8 405 8 404 8 406 8 407 8
777 和歌山　 - - - -403 8 403 8 408 8 404 8 327 8 404 8 403 8 408 8 405 8 405 8 411 8 329 8 401 8 402 8 412 8 412 8 402 8 402 8 402 8 403 8 404 8
778 潮岬　　 - - - - - - - - - -407 8 - -330 8 - -410 8 404 8 409 8 413 8 331 8 331 8 402 8 411 8 409 8 404 8 405 8 407 8 405 8 405 8
780 奈良　　 - -404 8 406 8 407 8 413 8 408 8 329 8 404 8 407 8 409 8 407 8 407 8 417 8 408 8 408 8 408 8 412 8 417 8 407 8 406 8 405 8 408 8 409 8
800 厳原　　 408 8 402 8 404 8 412 8 410 8 406 8 330 8 403 8 402 8 412 8 406 8 404 8 411 8 404 8 403 8 404 8 408 8 408 8 402 8 406 8 331 8 406 8 405 8
807 福岡　　 405 8 408 8 405 8 409 8 408 8 405 8 401 8 331 8 - -408 8 407 8 404 8 408 8 404 8 404 8 403 8 407 8 408 8 404 8 405 8 402 8 404 8 406 8
813 佐賀　　 409 8 405 8 404 8 404 8 407 8 404 8 331 8 408 8 401 8 409 8 405 8 403 8 403 8 402 8 - -405 8 408 8 410 8 406 8 404 8 331 8 403 8 405 8
815 大分　　 406 8 403 8 402 8 409 8 409 8 407 8 402 8 405 8 406 8 411 8 409 8 406 8 411 8 402 8 403 8 404 8 410 8 411 8 405 8 406 8 402 8 402 8 406 8
817 長崎　　 406 8 405 8 331 8 405 8 410 8 328 8 330 8 402 8 403 8 409 8 405 8 404 8 408 8 401 8 403 8 403 8 409 8 409 8 403 8 405 8 401 8 331 8 405 8
819 熊本　　 404 8 404 8 330 8 401 8 407 8 404 8 329 8 330 8 330 8 409 8 405 8 402 8 410 8 328 8 403 8 403 8 408 8 409 8 404 8 401 8 401 8 405 8 404 8
822 延岡　　 - - - - - - - - - - - - - - - - - -406 8 405 8 403 8 409 8 327 8 328 8 331 8 403 8 403 8 404 8 330 8 330 8 330 8 403 8
827 鹿児島　 408 8 408 8 403 8 402 8 407 8 403 8 330 8 403 8 403 8 408 8 406 8 403 8 404 8 327 8 402 8 404 8 407 8 407 8 403 8 401 8 331 8 403 8 410 8
830 宮崎　　 403 8 406 8 404 8 404 8 403 8 330 8 330 8 329 8 402 8 407 8 404 8 403 8 406 8 401 8 401 8 331 8 403 8 407 8 403 8 330 8 331 8 402 8 406 8
836 屋久島　 - - - - - - - - - - - - - - - - - - - - - - - - - - - - - - - - - - - - - - - - - - - - - -
837 種子島　 403 8 - - - - - - - -405 8 409 8 405 8 405 8 - -403 8 - -411 8 331 8 - -403 8 - - - - - -407 8 320 8 402 8 415 8
843 福江　　 406 8 407 8 402 8 407 8 407 8 403 8 401 8 404 8 403 8 407 8 406 8 403 8 414 8 330 8 404 8 405 8 408 8 408 8 404 8 409 8 404 8 331 8 405 8
887 松山　　 409 8 407 8 406 8 408 8 409 8 407 8 403 8 409 8 405 8 411 8 415 8 404 8 410 8 405 8 403 8 404 8 411 8 412 8 403 8 406 8 403 8 405 8 407 8
891 高松　　 408 8 406 8 407 8 410 8 412 8 407 8 403 8 406 8 408 8 411 8 410 8 406 8 412 8 404 8 405 8 408 8 411 8 414 8 406 8 407 8 406 8 409 8 407 8
892 宇和島　 - - - - - - - - - - - - - - - - - - - - - - - - - - - -403 8 401 8 410 8 411 8 402 8 402 8 402 8 402 8 405 8
893 高知　　 - - - -328 8 331 8 407 8 - -401 8 403 8 402 8 407 8 403 8 - -409 8 327 8 328 8 331 8 406 8 405 8 330 8 330 8 331 8 331 8 331 8
895 徳島　　 405 8 405 8 404 8 407 8 410 8 406 8 403 8 403 8 406 8 409 8 409 8 405 8 412 8 328 8 401 8 405 8 411 8 412 8 404 8 405 8 404 8 407 8 407 8
909 名瀬　　 202 6 - - - -124 6 131 6 - -212 6 205 6 - - - - - - - - - - - - - - - - - - - - - - - - - -123 6 203 6
912 与那国島 - - - - - - - - - - - - - - - - - - - - - - - - - - - - - - - - - - - - - - - - - - - - - -
917 西表島　 - - - - - - - - - - - - - - - - - - - - - - - - - - - - - - - - - - - - - - - - - - - -206 6
918 石垣島　 - - - - - - - - - -127 6 202 6 - - - -220 6 215 6 - - - - - -213 6 119 6 - - - -210 6 220 6 206 6 120 6 - -
927 宮古島　 - -214 6 - -210 6 125 6 128 6 204 6 - - - - - - - - - - - - - - - - - - - - - - - - - -212 6 - -210 6
929 久米島　 - - - - - - - - - - - - - - - - - -212 6 220 6 206 6 131 6 205 6 130 6 - - - - - - - - - - - - - - - -
936 那覇　　 - - - - - - - - - - - - - - - - - - - - - - - - - - - - - - - - - - - - - - - - - - - - - -
940 名護　　 - - - - - - - - - - - - - - - - - - - - - - - - - - - - - - - - - - - - - - - - - - - - - -
945 南大東島 - - - - - - - - - - - - - - - - - - - - - - - - - - - - - - - - - - - -203 6 127 6 - - - -201 6
