1976 rm 1977 rm 1978 rm 1979 rm 1980 rm 1981 rm 1982 rm 1983 rm 1984 rm 1985 rm 1986 rm 1987 rm 1988 rm 1989 rm 1990 rm 1991 rm 1992 rm 1993 rm 1994 rm 1995 rm
331 8 331 8 409 8 404 8 408 8 408 8 331 8 408 8 417 8 410 8 410 9 405 9 411 9 403 9 326 9 408 9 401 9 402 9 405 9 407 9
405 8 329 8 410 8 406 8 405 8 403 8 330 8 407 8 411 8 405 8 406 9 406 9 408 9 330 9 401 9 405 9 403 9 407 9 407 9 410 9
406 8 403 8 414 8 404 8 409 8 407 8 331 8 408 8 415 8 408 8 409 9 331 9 409 9 401 9 323 9 406 9 331 9 402 9 406 9 407 9
404 8 402 8 416 8 407 8 412 8 407 8 402 8 412 8 415 8 408 8 409 8 406 8 412 8 403 8 401 8 409 8 403 8 407 8 408 8 409 8
404 8 402 8 411 8 404 8 409 8 406 8 401 8 409 8 413 8 407 8 407 9 403 9 412 9 331 9 402 9 406 9 403 9 406 9 407 9 406 9
402 8 327 8 411 8 410 8 406 8 403 8 401 8 409 8 410 8 401 8 405 9 408 9 413 9 402 9 404 9 406 9 407 9 412 9 407 9 410 9
403 8 401 8 414 8 501 8 411 8 331 8 404 8 415 8 408 8 408 8 404 9 421 9 415 9 407 9 413 9 409 9 411 9 416 9 410 9 411 9
411 8 408 8 414 8 407 8 415 8 413 8 408 8 412 8 420 8 413 8 414 8 406 8 417 9 405 8 403 8 415 8 406 8 414 8 414 8 413 8
413 8 405 8 414 8 404 8 410 8 412 8 407 8 411 8 417 8 411 8 413 8 407 8 415 8 403 8 330 8 412 8 405 8 415 8 410 8 409 8
407 8 405 8 412 8 405 8 410 8 408 8 404 8 412 8 417 8 409 8 411 8 406 8 414 8 402 8 330 8 412 8 406 8 413 8 410 8 409 8
408 8 407 8 413 8 407 8 409 8 407 8 404 8 408 8 417 8 410 8 412 9 406 9 415 9 403 9 330 9 410 9 406 9 414 9 409 9 408 9
410 8 411 8 414 8 405 8 409 8 409 8 404 8 407 8 418 8 412 8 414 8 409 8 416 8 403 8 401 8 410 8 406 8 413 8 411 8 410 8
411 8 410 8 414 8 405 8 410 8 411 8 404 8 410 8 418 8 410 8 411 9 406 9 415 9 403 9 331 9 410 9 405 9 411 9 412 9 412 9
406 8 402 8 411 8 405 8 406 8 406 8 330 8 408 8 413 8 409 8 409 9 407 9 412 9 402 9 327 9 411 9 402 9 410 9 406 9 410 9
409 8 403 8 413 8 409 8 408 8 408 8 331 8 409 8 414 8 408 8 408 8 406 8 411 8 402 8 329 8 406 8 403 8 406 8 406 8 406 8
410 8 410 8 414 8 409 8 412 8 411 8 405 8 411 8 419 8 411 8 414 8 409 8 414 8 404 8 402 8 409 8 406 8 411 8 411 8 410 8
408 8 401 8 407 8 409 8 408 8 406 8 402 8 409 8 412 8 409 8 409 9 408 9 413 9 402 9 331 9 412 9 404 8 409 8 405 8 410 8
404 8 402 8 410 8 407 8 406 8 405 8 401 8 408 8 414 8 408 8 408 8 405 8 410 9 401 9 331 9 407 9 403 9 404 9 404 9 408 9
407 8 405 8 410 8 405 8 409 8 408 8 402 8 408 8 415 8 409 8 410 9 405 9 413 9 402 9 330 9 407 9 405 9 408 9 406 9 408 9
406 8 331 8 410 8 407 8 408 8 406 8 331 8 408 8 414 8 407 8 409 8 405 8 411 8 401 8 328 8 406 8 403 8 410 8 406 8 410 8
407 8 401 8 410 8 409 8 409 8 406 8 331 8 408 8 416 8 408 8 409 9 407 9 411 9 401 9 330 9 406 9 402 9 407 9 406 9 407 9
405 8 401 8 410 8 405 8 408 8 407 8 401 8 409 8 415 8 409 8 410 8 405 8 413 8 401 8 327 8 409 8 403 8 409 8 406 8 411 8
402 8 328 8 408 8 405 8 406 8 402 8 328 8 407 8 411 8 406 8 408 9 408 9 412 9 402 9 401 9 405 9 403 9 407 9 406 9 407 9
402 8 326 8 412 8 408 8 407 8 401 8 402 8 407 8 409 8 405 8 407 8 407 8 411 8 330 8 402 8 404 8 405 8 414 8 409 8 409 8
405 8 404 8 411 8 406 8 408 8 406 8 401 8 407 8 416 8 408 8 410 8 406 8 414 8 402 8 328 8 405 8 401 8 407 8 406 8 408 8
407 8 329 8 407 8 408 8 404 8 402 8 327 8 407 8 410 8 406 8 406 9 329 9 413 9 331 9 326 9 409 9 401 9 410 9 406 9 410 9
402 8 329 8 408 8 406 8 405 8 402 8 326 8 404 8 410 8 407 8 403 8 403 8 409 8 328 8 328 8 406 8 331 8 405 8 405 8 408 8
403 8 328 8 410 8 405 8 402 8 331 8 325 8 405 8 406 8 405 8 403 8 404 8 410 8 401 8 331 8 405 8 404 8 406 8 405 8 408 8
410 8 330 8 409 8 408 8 405 8 401 8 327 8 405 8 409 8 405 8 404 8 406 8 412 8 401 8 327 8 405 8 403 8 408 8 405 8 407 8
402 8 324 8 408 8 404 8 403 8 331 8 328 8 406 8 406 8 405 8 403 8 404 8 409 8 331 8 329 8 404 8 401 8 407 8 405 8 410 8
401 8 326 8 407 8 403 8 401 8 331 8 324 8 403 8 405 8 404 8 402 8 403 8 407 8 329 8 329 8 403 8 330 8 405 8 404 8 408 8
331 8 328 8 410 8 408 8 404 8 401 8 328 8 406 8 405 8 405 8 403 8 404 8 410 8 329 8 330 8 401 8 404 8 407 8 406 8 - -
401 8 326 8 411 8 405 8 330 8 328 8 328 8 403 8 331 8 402 8 330 8 402 8 408 8 405 8 329 8 405 8 403 8 410 8 404 8 410 9
402 8 327 8 409 8 406 8 404 8 330 8 324 8 405 8 406 8 331 8 402 8 402 8 406 8 403 8 329 8 328 8 403 8 413 8 405 8 410 8
 - - - - - - - - - - - - - - - - - - - - - - - - - - - - - -410 9 - - - - - - - -
402 8 326 8 415 8 427 8 406 8 327 8 331 8 408 8 403 8 407 8 401 9 405 9 405 9 403 9 328 9 407 9 408 9 - - - - - -
403 8 326 8 409 8 407 8 404 8 402 8 329 8 407 8 411 8 404 8 406 8 407 8 412 8 331 8 328 8 405 8 331 8 406 8 407 8 412 8
406 8 330 8 410 8 405 8 405 8 401 8 327 8 406 8 411 8 406 8 406 9 406 9 412 9 401 9 328 9 405 9 402 9 407 9 405 9 408 9
407 8 401 8 410 8 407 8 407 8 406 8 402 8 409 8 415 8 408 8 410 9 405 9 413 9 402 9 329 9 407 9 404 9 408 9 406 9 408 9
404 8 327 8 410 8 407 8 405 8 331 8 325 8 404 8 406 8 405 8 403 8 405 8 408 8 331 8 326 8 331 8 331 8 408 9 406 9 407 9
330 8 327 8 409 8 403 8 402 8 328 8 324 8 404 8 403 8 331 8 402 9 403 9 407 9 324 9 323 9 329 9 402 9 406 9 405 9 407 9
405 8 401 8 408 8 409 8 406 8 406 8 331 8 409 8 410 8 408 8 407 8 407 8 413 8 403 8 331 8 407 8 404 8 409 8 407 8 407 8
130 6 121 6 208 6 131 6 201 6 131 6 130 6 131 6 202 6 203 6 129 6 205 6 118 6 113 6 128 6 204 6 128 6 129 6 129 6 211 6
 - - - - - - - - - - - - - - - - - - - - - - - - - - - - - - - -210 7 217 7 207 7 302 7
127 6 123 6 - - - - - -201 6 121 6 202 6 126 6 - -210 7 213 7 205 7 122 7 203 7 227 7 206 7 206 7 202 7 220 7
128 6 203 6 218 6 208 6 203 6 202 6 124 6 209 6 126 6 130 6 202 7 127 7 125 7 108 7 130 7 218 7 127 6 129 6 130 6 219 6
 - - - - - - - - - -208 6 213 6 215 6 131 6 206 6 201 7 201 7 208 7 217 7 209 7 302 7 208 7 218 7 214 7 218 7
 - - - - - - - -202 6 206 6 131 6 211 6 203 6 205 6 131 7 202 7 126 7 115 7 123 7 201 7 203 7 125 7 203 7 206 7
128 6 - -128 6 125 6 219 6 203 6 124 6 204 6 204 6 204 6 126 7 210 7 211 7 128 7 131 7 210 7 210 7 207 7 204 7 218 7
 - -121 6 - - - - - -126 6 124 6 128 6 201 6 207 6 128 7 212 7 125 7 118 7 123 7 131 7 204 7 127 7 127 7 203 7
 - -131 6 - -203 6 209 6 128 6 129 6 129 6 124 6 128 6 124 7 130 7 - -130 7 124 7 203 7 201 7 123 7 130 7 210 7
