番号 地点名 1953 rm 1954 rm 1955 rm 1956 rm 1957 rm 1958 rm 1959 rm 1960 rm 1961 rm 1962 rm 1963 rm 1964 rm 1965 rm 1966 rm 1967 rm 1968 rm 1969 rm 1970 rm 1971 rm 1972 rm 1973 rm 1974 rm 1975 rm
662 東京　　 326 8 326 8 324 8 326 8 402 8 330 8 324 8 323 8 401 8 401 8 401 8 402 8 402 8 320 8 330 8 329 8 406 8 407 8 330 8 328 8 331 8 402 8 329 8
663 尾鷲　　 322 8 326 8 321 8 328 8 405 8 328 8 318 8 328 8 328 8 402 8 401 8 403 8 407 8 322 8 327 8 330 8 401 8 405 8 328 8 329 8 330 8 327 8 331 8
670 横浜　　 325 8 326 8 324 8 328 8 403 8 325 8 320 8 321 8 331 8 329 8 401 8 404 8 403 8 319 8 330 8 329 8 403 8 404 8 330 8 328 8 331 8 401 8 330 8
672 館山　　 - - - - - - - - - - - - - - - - - - - - - - - - - - - - - - - -401 8 406 8 330 8 329 8 331 8 401 8 402 8
675 大島　　 405 8 326 8 - -320 8 326 8 - -321 8 - - - - - -401 8 403 8 406 8 317 8 331 8 329 8 404 8 403 8 329 8 329 8 401 8 401 8 331 8
677 三宅島　 - - - - - - - - - - - - - - - - - - - - - - - -328 8 317 8 325 8 328 8 325 8 - -327 8 330 8 401 8 325 8 402 8
678 八丈島　 327 8 403 8 321 8 328 8 402 8 404 8 401 8 403 8 401 8 402 8 401 8 405 8 407 8 328 8 328 8 325 8 423 8 406 8 402 8 415 8 407 8 330 8 407 8
740 西郷　　 406 8 331 8 331 8 406 8 409 8 401 8 325 8 328 8 403 8 407 8 409 8 407 8 412 8 330 8 401 8 407 8 413 8 414 8 408 8 406 8 407 8 410 8 408 8
741 松江　　 402 8 331 8 329 8 405 8 410 8 405 8 327 8 329 8 401 8 405 8 410 8 405 8 412 8 328 8 331 8 405 8 410 8 409 8 406 8 404 8 401 8 406 8 407 8
744 米子　　 - -405 8 327 8 407 8 410 8 404 8 326 8 329 8 401 8 405 8 405 8 403 8 413 8 329 8 401 8 404 8 409 8 409 8 405 8 331 8 331 8 405 8 406 8
746 鳥取　　 403 8 401 8 329 8 403 8 410 8 404 8 328 8 330 8 404 8 404 8 406 8 405 8 412 8 329 8 331 8 404 8 408 8 410 8 405 8 330 8 401 8 404 8 404 8
747 豊岡　　 405 8 402 8 401 8 405 8 408 8 405 8 325 8 329 8 403 8 407 8 408 8 404 8 414 8 401 8 403 8 406 8 409 8 414 8 407 8 402 8 404 8 407 8 408 8
750 舞鶴　　 401 8 330 8 329 8 331 8 411 8 404 8 327 8 330 8 404 8 403 8 403 8 405 8 413 8 402 8 402 8 406 8 409 8 414 8 406 8 331 8 404 8 407 8 407 8
755 浜田　　 323 8 326 8 322 8 402 8 405 8 325 8 323 8 326 8 330 8 328 8 404 8 401 8 401 8 320 8 326 8 402 8 403 8 404 8 402 8 403 8 328 8 402 8 331 8
759 京都　　 405 8 329 8 328 8 401 8 407 8 402 8 323 8 329 8 331 8 402 8 404 8 405 8 409 8 327 8 401 8 402 8 407 8 409 8 401 8 330 8 401 8 404 8 404 8
761 彦根　　 405 8 331 8 331 8 405 8 410 8 405 8 329 8 331 8 404 8 405 8 405 8 406 8 415 8 405 8 403 8 406 8 407 8 411 8 403 8 331 8 402 8 408 8 406 8
762 下関　　 329 8 328 8 324 8 404 8 406 8 325 8 323 8 329 8 329 8 402 8 405 8 401 8 405 8 326 8 330 8 402 8 404 8 405 8 401 8 402 8 328 8 331 8 328 8
765 広島　　 402 8 328 8 324 8 402 8 405 8 326 8 321 8 323 8 331 8 330 8 402 8 402 8 402 8 326 8 329 8 402 8 405 8 406 8 403 8 330 8 330 8 403 8 402 8
768 岡山　　 331 8 328 8 325 8 329 8 406 8 401 8 323 8 328 8 402 8 402 8 405 8 403 8 408 8 326 8 331 8 404 8 406 8 408 8 402 8 331 8 331 8 405 8 405 8
770 神戸　　 404 8 328 8 330 8 330 8 408 8 402 8 327 8 328 8 401 8 402 8 404 8 404 8 408 8 325 8 331 8 331 8 404 8 406 8 331 8 331 8 329 8 401 8 331 8
772 大阪　　 402 8 331 8 328 8 330 8 407 8 327 8 325 8 328 8 402 8 404 8 402 8 403 8 410 8 323 8 330 8 401 8 407 8 408 8 402 8 330 8 331 8 403 8 402 8
776 洲本　　 330 8 327 8 330 8 329 8 406 8 328 8 323 8 324 8 331 8 329 8 403 8 403 8 405 8 319 8 327 8 401 8 404 8 406 8 330 8 329 8 330 8 401 8 330 8
777 和歌山　 320 8 321 8 330 8 327 8 404 8 324 8 319 8 321 8 325 8 330 8 402 8 331 8 331 8 318 8 326 8 329 8 402 8 404 8 328 8 329 8 330 8 330 8 331 8
778 潮岬　　 - - - - - - - - - -327 8 310 8 318 8 - -326 8 330 8 403 8 406 8 321 8 327 8 327 8 404 8 402 8 327 8 330 8 330 8 322 8 329 8
780 奈良　　 - -327 8 327 8 402 8 407 8 402 8 324 8 329 8 402 8 402 8 404 8 404 8 412 8 326 8 401 8 404 8 405 8 410 8 402 8 401 8 331 8 405 8 405 8
800 厳原　　 328 8 325 8 326 8 406 8 405 8 324 8 322 8 325 8 327 8 405 8 401 8 401 8 403 8 324 8 331 8 401 8 404 8 331 8 331 8 404 8 329 8 401 8 329 8
807 福岡　　 328 8 328 8 324 8 402 8 401 8 325 8 325 8 324 8 328 8 406 8 403 8 401 8 330 8 320 8 328 8 331 8 404 8 403 8 331 8 330 8 328 8 330 8 401 8
813 佐賀　　 326 8 327 8 324 8 329 8 331 8 324 8 322 8 325 8 323 8 331 8 330 8 331 8 330 8 323 8 327 8 331 8 401 8 401 8 330 8 328 8 325 8 328 8 329 8
815 大分　　 326 8 327 8 325 8 331 8 406 8 327 8 328 8 329 8 331 8 401 8 402 8 401 8 330 8 324 8 327 8 402 8 403 8 402 8 330 8 328 8 327 8 329 8 329 8
817 長崎　　 326 8 327 8 324 8 328 8 330 8 322 8 322 8 322 8 324 8 401 8 331 8 330 8 328 8 322 8 327 8 329 8 331 8 329 8 327 8 328 8 325 8 320 8 327 8
819 熊本　　 328 8 326 8 321 8 325 8 329 8 324 8 319 8 322 8 324 8 402 8 401 8 329 8 330 8 318 8 327 8 329 8 330 8 401 8 328 8 326 8 327 8 325 8 326 8
822 延岡　　 - - - - - - - - - - - - - - - - - -330 8 328 8 321 8 325 8 319 8 318 8 325 8 327 8 326 8 325 8 323 8 322 8 320 8 326 8
827 鹿児島　 329 8 331 8 329 8 327 8 401 8 326 8 323 8 326 8 328 8 402 8 401 8 329 8 325 8 322 8 327 8 329 8 330 8 331 8 330 8 327 8 326 8 323 8 329 8
830 宮崎　　 - - - - - - - - - - - - - - - - - - - - - - - - - - - - - - - - - - - -328 8 324 8 328 8 324 8 327 8
836 屋久島　 - - - - - - - - - - - - - - - - - - - - - - - - - - - - - - - - - - - - - - - - - - - - - -
837 種子島　 325 8 406 8 310 8 328 8 - -329 8 403 8 330 8 330 8 321 8 - - - -401 8 320 8 322 8 327 8 - - - -322 8 325 8 310 8 327 8 407 8
843 福江　　 326 8 330 8 323 8 330 8 404 8 331 8 320 8 326 8 323 8 330 8 402 8 331 8 402 8 324 8 329 8 331 8 403 8 404 8 328 8 402 8 329 8 324 8 331 8
887 松山　　 326 8 327 8 328 8 328 8 406 8 401 8 323 8 324 8 329 8 401 8 401 8 402 8 403 8 324 8 328 8 331 8 403 8 402 8 329 8 330 8 329 8 330 8 330 8
891 高松　　 401 8 330 8 330 8 401 8 403 8 401 8 326 8 329 8 401 8 404 8 404 8 403 8 405 8 326 8 331 8 403 8 407 8 406 8 331 8 330 8 330 8 403 8 331 8
892 宇和島　 - - - - - - - - - - - - - - - - - - - - - - - - - - - -325 8 329 8 330 8 401 8 326 8 326 8 328 8 322 8 327 8
893 高知　　 - -325 8 321 8 324 8 402 8 324 8 321 8 323 8 325 8 330 8 327 8 330 8 330 8 317 8 320 8 329 8 327 8 327 8 322 8 322 8 323 8 323 8 324 8
895 徳島　　 327 8 328 8 325 8 327 8 405 8 328 8 326 8 328 8 402 8 330 8 401 8 401 8 331 8 318 8 326 8 331 8 402 8 403 8 329 8 329 8 330 8 331 8 330 8
909 名瀬　　 129 6 121 6 127 6 115 6 114 6 - -128 6 123 6 - - - - - - - - - - - - - - - - - - - - - -108 6 110 6 115 6 119 6
912 与那国島 - - - - - - - - - - - - - - - - - - - - - - - - - - - - - - - - - - - - - - - - - - - - - -
917 西表島　 - - - -107 6 - -116 6 - -112 6 208 6 120 6 207 6 110 6 205 6 125 6 127 6 - - - - - - - -120 6 127 6 115 6 120 6 1221 6
918 石垣島　 109 6 - -108 6 105 6 118 6 110 6 - - - -127 6 126 6 130 6 220 6 120 6 114 6 120 6 1219 6 1219 6 129 6 110 6 126 6 110 6 103 6 115 6
927 宮古島　 - - - - - - - - - - - - - - - - - - - - - - - - - - - - - - - - - - - - - -129 6 205 6 115 6 130 6
929 久米島　 - - - - - - - - - - - - - - - - - -208 6 215 6 127 6 127 6 201 6 - - - - - - - - - -119 6 117 6 115 6 - -
936 那覇　　 - - - - - - - - - - - - - - - - - - - - - - - - - - - - - - - - - - - - - - - - - -104 6 118 6
940 名護　　 - - - - - - - - - - - - - - - - - - - - - - - - - - - - - - - - - - - - - -1225 6 1219 6 1227 6 1226 6
945 南大東島 - - - - - - - - - - - - - - - - - - - - - - - - - - - - - - - - - - - -120 6 116 6 120 6 112 6 117 6
